E/D Re f
0.05 4000 0.0769
0.05 5000 0.0759
0.05 6000 0.0752
0.05 7000 0.0747
0.05 8000 0.0743
0.05 9000 0.074
0.05 10000 0.0738
0.05 20000 0.0736
0.05 30000 0.0733
0.05 40000 0.0731
0.05 50000 0.073
0.05 60000 0.0729
0.05 70000 0.0728
0.05 80000 0.0728
0.05 90000 0.0728
0.05 100000 0.0728
0.05 200000 0.0726
0.05 300000 0.0723
0.05 400000 0.0721
0.05 500000 0.072
0.05 600000 0.0719
0.05 700000 0.0718
0.05 800000 0.0718
0.05 900000 0.0718
0.05 1000000 0.0717
0.05 2000000 0.0716
0.05 3000000 0.0716
0.05 4000000 0.0716
0.05 5000000 0.0715
0.05 6000000 0.0715
0.05 7000000 0.0715
0.05 8000000 0.0715
0.05 9000000 0.0715
0.05 10000000 0.0715
0.05 20000000 0.0715
0.05 30000000 0.0715
0.05 40000000 0.0715
0.05 50000000 0.0715
0.05 60000000 0.0715
0.05 70000000 0.0715
0.05 80000000 0.0715
0.05 90000000 0.0715
0.05 100000000 0.0715
0.04 4000 0.0707
0.04 5000 0.0695
0.04 6000 0.0687
0.04 7000 0.0682
0.04 8000 0.0677
0.04 9000 0.0674
0.04 10000 0.0671
0.04 20000 0.0659
0.04 30000 0.0655
0.04 40000 0.0653
0.04 50000 0.0651
0.04 60000 0.0651
0.04 70000 0.065
0.04 80000 0.0649
0.04 90000 0.0649
0.04 100000 0.0649
0.04 200000 0.0648
0.04 300000 0.0647
0.04 400000 0.0647
0.04 500000 0.0647
0.04 600000 0.0647
0.04 700000 0.0647
0.04 800000 0.0647
0.04 900000 0.0647
0.04 1000000 0.0646
0.04 2000000 0.0646
0.04 3000000 0.0646
0.04 4000000 0.0646
0.04 5000000 0.0646
0.04 6000000 0.0646
0.04 7000000 0.0646
0.04 8000000 0.0646
0.04 9000000 0.0646
0.04 10000000 0.0646
0.04 20000000 0.0646
0.04 30000000 0.0646
0.04 40000000 0.0646
0.04 50000000 0.0646
0.04 60000000 0.0646
0.04 70000000 0.0646
0.04 80000000 0.0646
0.04 90000000 0.0646
0.04 100000000 0.0646
0.03 4000 0.0647
0.03 5000 0.0628
0.03 6000 0.0619
0.03 7000 0.0612
0.03 8000 0.0605
0.03 9000 0.06
0.03 10000 0.0596
0.03 20000 0.0581
0.03 30000 0.0579
0.03 40000 0.0579
0.03 50000 0.0577
0.03 60000 0.0576
0.03 70000 0.0576
0.03 80000 0.0575
0.03 90000 0.0575
0.03 100000 0.0574
0.03 200000 0.0573
0.03 300000 0.0572
0.03 400000 0.0572
0.03 500000 0.0572
0.03 600000 0.0572
0.03 700000 0.0572
0.03 800000 0.0572
0.03 900000 0.0572
0.03 1000000 0.0571
0.03 2000000 0.0571
0.03 3000000 0.0571
0.03 4000000 0.0571
0.03 5000000 0.0571
0.03 6000000 0.0571
0.03 7000000 0.0571
0.03 8000000 0.0571
0.03 9000000 0.0571
0.03 10000000 0.0571
0.03 20000000 0.0571
0.03 30000000 0.0571
0.03 40000000 0.0571
0.03 50000000 0.0571
0.03 60000000 0.0571
0.03 70000000 0.0571
0.03 80000000 0.0571
0.03 90000000 0.0571
0.03 100000000 0.0571
0.02 4000 0.0573
0.02 5000 0.056
0.02 6000 0.055
0.02 7000 0.0541
0.02 8000 0.0531
0.02 9000 0.0524
0.02 10000 0.0521
0.02 20000 0.0505
0.02 30000 0.0499
0.02 40000 0.0495
0.02 50000 0.0494
0.02 60000 0.0492
0.02 70000 0.0491
0.02 80000 0.0491
0.02 90000 0.049
0.02 100000 0.049
0.02 200000 0.0488
0.02 300000 0.0487
0.02 400000 0.0487
0.02 500000 0.0487
0.02 600000 0.0487
0.02 700000 0.0486
0.02 800000 0.0486
0.02 900000 0.0486
0.02 1000000 0.0486
0.02 2000000 0.0486
0.02 3000000 0.0486
0.02 4000000 0.0486
0.02 5000000 0.0486
0.02 6000000 0.0486
0.02 7000000 0.0486
0.02 8000000 0.0486
0.02 9000000 0.0486
0.02 10000000 0.0486
0.02 20000000 0.0486
0.02 30000000 0.0486
0.02 40000000 0.0486
0.02 50000000 0.0486
0.02 60000000 0.0486
0.02 70000000 0.0486
0.02 80000000 0.0486
0.02 90000000 0.0486
0.02 100000000 0.0486
0.015 4000 0.0531
0.015 5000 0.0515
0.015 6000 0.0508
0.015 7000 0.0501
0.015 8000 0.0495
0.015 9000 0.0485
0.015 10000 0.0481
0.015 20000 0.046
0.015 30000 0.0451
0.015 40000 0.0446
0.015 50000 0.0441
0.015 60000 0.0441
0.015 70000 0.0441
0.015 80000 0.0441
0.015 90000 0.0441
0.015 100000 0.0441
0.015 200000 0.044
0.015 300000 0.044
0.015 400000 0.044
0.015 500000 0.044
0.015 600000 0.044
0.015 700000 0.044
0.015 800000 0.044
0.015 900000 0.044
0.015 1000000 0.044
0.015 2000000 0.044
0.015 3000000 0.044
0.015 4000000 0.044
0.015 5000000 0.044
0.015 6000000 0.044
0.015 7000000 0.044
0.015 8000000 0.044
0.015 9000000 0.044
0.015 10000000 0.044
0.015 20000000 0.044
0.015 30000000 0.044
0.015 40000000 0.044
0.015 50000000 0.044
0.015 60000000 0.044
0.015 70000000 0.044
0.015 80000000 0.044
0.015 90000000 0.044
0.015 100000000 0.044
0.01 4000 0.0503
0.01 5000 0.0483
0.01 6000 0.0472
0.01 7000 0.0465
0.01 8000 0.0458
0.01 9000 0.0452
0.01 10000 0.0446
0.01 20000 0.0418
0.01 30000 0.0407
0.01 40000 0.04
0.01 50000 0.0392
0.01 60000 0.039
0.01 70000 0.0388
0.01 80000 0.0386
0.01 90000 0.0384
0.01 100000 0.0382
0.01 200000 0.0381
0.01 300000 0.0381
0.01 400000 0.038
0.01 500000 0.038
0.01 600000 0.0379
0.01 700000 0.0379
0.01 800000 0.0379
0.01 900000 0.0379
0.01 1000000 0.0379
0.01 2000000 0.0379
0.01 3000000 0.0379
0.01 4000000 0.0379
0.01 5000000 0.0379
0.01 6000000 0.0379
0.01 7000000 0.0379
0.01 8000000 0.0379
0.01 9000000 0.0379
0.01 10000000 0.0379
0.01 20000000 0.0379
0.01 30000000 0.0379
0.01 40000000 0.0379
0.01 50000000 0.0379
0.01 60000000 0.0379
0.01 70000000 0.0379
0.01 80000000 0.0379
0.01 90000000 0.0379
0.01 100000000 0.0379
0.008 4000 0.048
0.008 5000 0.0549
0.008 6000 0.0444
0.008 7000 0.0436
0.008 8000 0.0425
0.008 9000 0.042
0.008 10000 0.0415
0.008 20000 0.0388
0.008 30000 0.0377
0.008 40000 0.037
0.008 50000 0.0365
0.008 60000 0.0363
0.008 70000 0.0361
0.008 80000 0.036
0.008 90000 0.0359
0.008 100000 0.0358
0.008 200000 0.0355
0.008 300000 0.0354
0.008 400000 0.0353
0.008 500000 0.0353
0.008 600000 0.0353
0.008 700000 0.0352
0.008 800000 0.0352
0.008 900000 0.0352
0.008 1000000 0.0352
0.008 2000000 0.0352
0.008 3000000 0.0352
0.008 4000000 0.0352
0.008 5000000 0.0352
0.008 6000000 0.0352
0.008 7000000 0.0352
0.008 8000000 0.0352
0.008 9000000 0.0352
0.008 10000000 0.0351
0.008 20000000 0.0351
0.008 30000000 0.0351
0.008 40000000 0.0351
0.008 50000000 0.0351
0.008 60000000 0.0351
0.008 70000000 0.0351
0.008 80000000 0.0351
0.008 90000000 0.0351
0.008 100000000 0.0351
0.006 4000 0.046
0.006 5000 0.0431
0.006 6000 0.042
0.006 7000 0.0408
0.006 8000 0.04
0.006 9000 0.0391
0.006 10000 0.0388
0.006 20000 0.0358
0.006 30000 0.0347
0.006 40000 0.0341
0.006 50000 0.0337
0.006 60000 0.0334
0.006 70000 0.0332
0.006 80000 0.0331
0.006 90000 0.033
0.006 100000 0.0329
0.006 200000 0.0325
0.006 300000 0.0324
0.006 400000 0.0323
0.006 500000 0.0322
0.006 600000 0.0322
0.006 700000 0.0322
0.006 800000 0.0322
0.006 900000 0.0322
0.006 1000000 0.0322
0.006 2000000 0.0321
0.006 3000000 0.0321
0.006 4000000 0.0321
0.006 5000000 0.0321
0.006 6000000 0.0321
0.006 7000000 0.0321
0.006 8000000 0.0321
0.006 9000000 0.0321
0.006 10000000 0.0321
0.006 20000000 0.0321
0.006 30000000 0.0321
0.006 40000000 0.0321
0.006 50000000 0.0321
0.006 60000000 0.0321
0.006 70000000 0.0321
0.006 80000000 0.0321
0.006 90000000 0.0321
0.006 100000000 0.0321
0.004 4000 0.0441
0.004 5000 0.0416
0.004 6000 0.04
0.004 7000 0.0388
0.004 8000 0.0378
0.004 9000 0.0367
0.004 10000 0.036
0.004 20000 0.0326
0.004 30000 0.0313
0.004 40000 0.0308
0.004 50000 0.0301
0.004 60000 0.0296
0.004 70000 0.0294
0.004 80000 0.0291
0.004 90000 0.029
0.004 100000 0.0289
0.004 200000 0.0285
0.004 300000 0.0285
0.004 400000 0.0284
0.004 500000 0.0283
0.004 600000 0.0283
0.004 700000 0.0283
0.004 800000 0.0283
0.004 900000 0.0283
0.004 1000000 0.0283
0.004 2000000 0.0282
0.004 3000000 0.0282
0.004 4000000 0.0281
0.004 5000000 0.0281
0.004 6000000 0.0281
0.004 7000000 0.0281
0.004 8000000 0.0281
0.004 9000000 0.028
0.004 10000000 0.028
0.004 20000000 0.028
0.004 30000000 0.028
0.004 40000000 0.028
0.004 50000000 0.0279
0.004 60000000 0.0279
0.004 70000000 0.0279
0.004 80000000 0.0279
0.004 90000000 0.0279
0.004 100000000 0.0279
0.002 4000 0.0422
0.002 5000 0.0399
0.002 6000 0.0382
0.002 7000 0.0367
0.002 8000 0.0355
0.002 9000 0.0345
0.002 10000 0.034
0.002 20000 0.0301
0.002 30000 0.0285
0.002 40000 0.0276
0.002 50000 0.0269
0.002 60000 0.0264
0.002 70000 0.026
0.002 80000 0.0258
0.002 90000 0.0255
0.002 100000 0.0253
0.002 200000 0.0244
0.002 300000 0.0241
0.002 400000 0.0239
0.002 500000 0.0237
0.002 600000 0.0237
0.002 700000 0.0237
0.002 800000 0.0236
0.002 900000 0.0236
0.002 1000000 0.0235
0.002 2000000 0.0235
0.002 3000000 0.0235
0.002 4000000 0.0234
0.002 5000000 0.0234
0.002 6000000 0.0233
0.002 7000000 0.0233
0.002 8000000 0.0233
0.002 9000000 0.0233
0.002 10000000 0.0233
0.002 20000000 0.0233
0.002 30000000 0.0232
0.002 40000000 0.0232
0.002 50000000 0.0231
0.002 60000000 0.0231
0.002 70000000 0.0231
0.002 80000000 0.0231
0.002 90000000 0.0231
0.002 100000000 0.0231
0.001 4000 0.0417
0.001 5000 0.0382
0.001 6000 0.0368
0.001 7000 0.0352
0.001 8000 0.0339
0.001 9000 0.033
0.001 10000 0.0322
0.001 20000 0.0278
0.001 30000 0.0261
0.001 40000 0.0251
0.001 50000 0.0244
0.001 60000 0.0237
0.001 70000 0.0231
0.001 80000 0.023
0.001 90000 0.0227
0.001 100000 0.0226
0.001 200000 0.0213
0.001 300000 0.0208
0.001 400000 0.0206
0.001 500000 0.0203
0.001 600000 0.0202
0.001 700000 0.0201
0.001 800000 0.02
0.001 900000 0.02
0.001 1000000 0.0199
0.001 2000000 0.0198
0.001 3000000 0.0198
0.001 4000000 0.0198
0.001 5000000 0.0198
0.001 6000000 0.0198
0.001 7000000 0.0198
0.001 8000000 0.0198
0.001 9000000 0.0198
0.001 10000000 0.0198
0.001 20000000 0.0197
0.001 30000000 0.0197
0.001 40000000 0.0197
0.001 50000000 0.0197
0.001 60000000 0.0197
0.001 70000000 0.0197
0.001 80000000 0.0197
0.001 90000000 0.0197
0.001 100000000 0.0197
0.0008 30000 0.0256
0.0008 40000 0.0245
0.0008 50000 0.0235
0.0008 60000 0.0228
0.0008 70000 0.0225
0.0008 80000 0.0221
0.0008 90000 0.0219
0.0008 100000 0.0216
0.0008 200000 0.0204
0.0008 300000 0.02
0.0008 400000 0.0197
0.0008 500000 0.0195
0.0008 600000 0.0193
0.0008 700000 0.0192
0.0008 800000 0.0191
0.0008 900000 0.019
0.0008 1000000 0.0189
0.0008 2000000 0.0187
0.0008 3000000 0.0187
0.0008 4000000 0.0187
0.0008 5000000 0.0187
0.0008 6000000 0.0187
0.0008 7000000 0.0187
0.0008 8000000 0.0187
0.0008 9000000 0.0187
0.0008 10000000 0.0187
0.0008 20000000 0.0186
0.0008 30000000 0.0186
0.0008 40000000 0.0186
0.0008 50000000 0.0186
0.0008 60000000 0.0186
0.0008 70000000 0.0186
0.0008 80000000 0.0186
0.0008 90000000 0.0186
0.0008 100000000 0.0186
0.0006 20000 0.027
0.0006 30000 0.0251
0.0006 40000 0.024
0.0006 50000 0.0229
0.0006 60000 0.0223
0.0006 70000 0.0219
0.0006 80000 0.0214
0.0006 90000 0.021
0.0006 100000 0.0208
0.0006 200000 0.0193
0.0006 300000 0.0188
0.0006 400000 0.0184
0.0006 500000 0.0181
0.0006 600000 0.018
0.0006 700000 0.0179
0.0006 800000 0.0179
0.0006 900000 0.0178
0.0006 1000000 0.0178
0.0006 2000000 0.0175
0.0006 3000000 0.0174
0.0006 4000000 0.0174
0.0006 5000000 0.0174
0.0006 6000000 0.0174
0.0006 7000000 0.0174
0.0006 8000000 0.0174
0.0006 9000000 0.0174
0.0006 10000000 0.0174
0.0006 20000000 0.0174
0.0006 30000000 0.0174
0.0006 40000000 0.0174
0.0006 50000000 0.0174
0.0006 60000000 0.0174
0.0006 70000000 0.0174
0.0006 80000000 0.0174
0.0006 90000000 0.0174
0.0006 100000000 0.0174
0.0004 6000 0.0359
0.0004 7000 0.0345
0.0004 8000 0.0332
0.0004 9000 0.032
0.0004 10000 0.0314
0.0004 20000 0.027
0.0004 30000 0.0247
0.0004 40000 0.0234
0.0004 50000 0.0224
0.0004 60000 0.0219
0.0004 70000 0.0213
0.0004 80000 0.0208
0.0004 90000 0.0205
0.0004 100000 0.0203
0.0004 200000 0.0185
0.0004 300000 0.0177
0.0004 400000 0.0172
0.0004 500000 0.017
0.0004 600000 0.0168
0.0004 700000 0.0167
0.0004 800000 0.0166
0.0004 900000 0.0165
0.0004 1000000 0.0165
0.0004 2000000 0.0161
0.0004 3000000 0.0161
0.0004 4000000 0.016
0.0004 5000000 0.0159
0.0004 6000000 0.0159
0.0004 7000000 0.0159
0.0004 8000000 0.0159
0.0004 9000000 0.0159
0.0004 10000000 0.0159
0.0004 20000000 0.0159
0.0004 30000000 0.0159
0.0004 40000000 0.0159
0.0004 50000000 0.0159
0.0004 60000000 0.0159
0.0004 70000000 0.0159
0.0004 80000000 0.0159
0.0004 90000000 0.0159
0.0004 100000000 0.0159
0.0002 20000 0.026
0.0002 30000 0.0241
0.0002 40000 0.0229
0.0002 50000 0.0219
0.0002 60000 0.0212
0.0002 70000 0.0207
0.0002 80000 0.0203
0.0002 90000 0.0198
0.0002 100000 0.0196
0.0002 200000 0.0176
0.0002 300000 0.0169
0.0002 400000 0.0164
0.0002 500000 0.0161
0.0002 600000 0.0159
0.0002 700000 0.0157
0.0002 800000 0.0155
0.0002 900000 0.0153
0.0002 1000000 0.0152
0.0002 2000000 0.0145
0.0002 3000000 0.0142
0.0002 4000000 0.0141
0.0002 5000000 0.0139
0.0002 6000000 0.0139
0.0002 7000000 0.0138
0.0002 8000000 0.0138
0.0002 9000000 0.0138
0.0002 10000000 0.0138
0.0002 20000000 0.0137
0.0002 30000000 0.0137
0.0002 40000000 0.0137
0.0002 50000000 0.0137
0.0002 60000000 0.0137
0.0002 70000000 0.0137
0.0002 80000000 0.0137
0.0002 90000000 0.0137
0.0002 100000000 0.0137
0.0001 30000 0.0237
0.0001 40000 0.0224
0.0001 50000 0.0213
0.0001 60000 0.0206
0.0001 70000 0.02
0.0001 80000 0.0195
0.0001 90000 0.0189
0.0001 100000 0.0185
0.0001 200000 0.0166
0.0001 300000 0.0158
0.0001 400000 0.0152
0.0001 500000 0.0147
0.0001 600000 0.0145
0.0001 700000 0.0143
0.0001 800000 0.014
0.0001 900000 0.0138
0.0001 1000000 0.0137
0.0001 2000000 0.0129
0.0001 3000000 0.0126
0.0001 4000000 0.0124
0.0001 5000000 0.0123
0.0001 6000000 0.0122
0.0001 7000000 0.0121
0.0001 8000000 0.0121
0.0001 9000000 0.012
0.0001 10000000 0.012
0.0001 20000000 0.0119
0.0001 30000000 0.0119
0.0001 40000000 0.0119
0.0001 50000000 0.0119
0.0001 60000000 0.0119
0.0001 70000000 0.0119
0.0001 80000000 0.0119
0.0001 90000000 0.0119
0.0001 100000000 0.0119
5E-05 100000 0.018
5E-05 200000 0.016
5E-05 300000 0.015
5E-05 400000 0.0143
5E-05 500000 0.0138
5E-05 600000 0.0135
5E-05 700000 0.0132
5E-05 800000 0.0129
5E-05 900000 0.0127
5E-05 1000000 0.0126
5E-05 2000000 0.0117
5E-05 3000000 0.0114
5E-05 4000000 0.0112
5E-05 5000000 0.0111
5E-05 6000000 0.011
5E-05 7000000 0.0109
5E-05 8000000 0.0109
5E-05 9000000 0.0108
5E-05 10000000 0.0108
5E-05 20000000 0.0107
5E-05 30000000 0.0106
5E-05 40000000 0.0106
5E-05 50000000 0.0106
5E-05 60000000 0.0106
5E-05 70000000 0.0106
5E-05 80000000 0.0106
5E-05 90000000 0.0106
5E-05 100000000 0.0106
1E-05 500000 0.0131
1E-05 600000 0.0127
1E-05 700000 0.0123
1E-05 800000 0.012
1E-05 900000 0.0118
1E-05 1000000 0.0117
1E-05 2000000 0.0107
1E-05 3000000 0.0102
1E-05 4000000 0.0099
1E-05 5000000 0.0096
1E-05 6000000 0.0095
1E-05 7000000 0.0094
1E-05 8000000 0.0092
1E-05 9000000 0.0091
1E-05 10000000 0.009
1E-05 20000000 0.0085
1E-05 30000000 0.0083
1E-05 40000000 0.0083
1E-05 50000000 0.0082
1E-05 60000000 0.0081
1E-05 70000000 0.0081
1E-05 80000000 0.0081
1E-05 90000000 0.008
1E-05 100000000 0.008
5E-06 2000000 0.0102
5E-06 3000000 0.0097
5E-06 4000000 0.0094
5E-06 5000000 0.0091
5E-06 6000000 0.0089
5E-06 7000000 0.0087
5E-06 8000000 0.0086
5E-06 9000000 0.0085
5E-06 10000000 0.0084
5E-06 20000000 0.008
1E-06 5000000 0.0086
1E-06 6000000 0.0084
1E-06 7000000 0.0083
1E-06 8000000 0.0082
1E-06 9000000 0.0081
1E-06 10000000 0.008
